0 48
1 49
2 50
3 51
4 52
5 53
6 54
7 55
8 56
9 57
10 65
11 66
12 67
13 68
14 69
15 70
16 71
17 72
18 73
19 74
20 75
21 76
22 77
23 78
24 79
25 80
26 81
27 82
28 83
29 84
30 85
31 86
32 87
33 88
34 89
35 90
36 97
37 98
38 99
39 100
40 101
41 102
42 103
43 104
44 105
45 106
46 107
47 108
48 109
49 110
50 111
51 112
52 113
53 114
54 115
55 116
56 117
57 118
58 119
59 120
60 121
61 122
62 33
63 34
64 37
65 40
66 41
67 42
68 43
69 44
70 45
71 46
72 47
73 58
74 60
75 61
76 62
77 63
78 91
79 93
80 94
81 123
82 125
83 62,61
84 60,61
